0.2999762684241558        -5.35854375462513E-10
0.29991303328652946       -5.824085710425646E-10
0.299752521171738         -6.103277991568476E-10
0.29949998                -5.579617799432425E-10
0.29899998                -5.191785561165212E-10
0.29799998                -4.974765674455607E-10
0.29599998                -4.879810722914633E-10
0.29299998                -5.064745125010622E-10
0.28999998                -5.419895890944125E-10
0.28699998                -5.876355592353936E-10
0.28399998                -6.556535111058682E-10
0.28099998                -7.238471335158856E-10
0.27799998                -8.033113366592158E-10
0.27499998000000003       -8.94795286544821E-10
0.27199998                -9.993241876144236E-10
0.26899998                -1.1181939470171268E-9
0.26599997999999997       -1.2529627847039592E-9
0.26299997999999997       -1.405453510843256E-9
0.25999997999999996       -1.5777655915060806E-9
0.25699997999999996       -1.7722957202781227E-9
0.25399997999999996       -1.9917657344755863E-9
0.25099997999999996       -2.2392571699000286E-9
0.24799997999999993       -2.5182521938991227E-9
0.24499997999999992       -2.8326810110030966E-9
0.2419999799999999        -3.1869761040005462E-9
0.23899997999999992       -3.5861338815245073E-9
0.23599997999999991       -4.035784476040421E-9
0.23299998                -4.54227059196831E-9
0.22999997999999988       -5.112736454956551E-9
0.22699998                -5.755228068952404E-9
0.2239999799999999        -6.47880615326263E-9
0.2209999799999999        -7.293673312093137E-9
0.21799997999999987       -8.211317187154482E-9
0.2149999799999999        -9.244671563843738E-9
0.2119999799999999        -1.0408297645875869E-8
0.2089999799999999        -1.171858798468968E-8
0.20599997999999986       -1.3193995853422849E-8
0.20299997999999989       -1.4855293192461932E-8
0.19999997999999988       -1.6725860628225304E-8
0.19699997999999996       -1.8832013484784107E-8
0.19399997999999988       -2.1203368170025165E-8
0.19099997999999996       -2.38732538309792E-8
0.18799997999999987       -2.6879174739615205E-8
0.18499997999999995       -3.0263329494179694E-8
0.18199997999999987       -3.407319380869594E-8
0.17899997999999995       -3.836217441378784E-8
0.17599997999999986       -4.3190342411974056E-8
0.17299997999999994       -4.862525531935262E-8
0.16999997999999994       -5.47428779853238E-8
0.16699997999999994       -6.162861360617752E-8
0.16399997999999993       -6.937845713883054E-8
0.16099997999999996       -7.810028456044248E-8
0.15799997999999993       -8.791529260013678E-8
0.15499997999999993       -9.895960476275067E-8
0.15199997999999992       -1.1138606064571578E-7
0.14899997999999984       -1.253662066694025E-7
0.14599997999999983       -1.4109250734587486E-7
0.14299997999999983       -1.5878079701663554E-7
0.13999997999999983       -1.7867299249800698E-7
0.13699997999999983       -2.0104008714828127E-7
0.13399997999999982       -2.2618544634005732E-7
0.13099997999999982       -2.5444842297044115E-7
0.12799997999999982       -2.862083091889544E-7
0.12499997999999983       -3.218886366352682E-7
0.12199997999999983       -3.6196183171704316E-7
0.11899997999999982       -4.069542243208239E-7
0.11599997999999982       -4.5745139719103753E-7
0.11299997999999982       -5.141038482910757E-7
0.10999997999999982       -5.776329188976336E-7
0.10699997999999981       -6.488369149333537E-7
0.10399997999999981       -7.285973169806546E-7
0.10099997999999981       -8.178849342459981E-7
0.0979999799999998        -9.1776580812249E-7
0.09499997999999987       -1.0294066105793918E-6
0.09199997999999986       -1.1540792101606174E-6
0.08899997999999987       -1.293163992973285E-6
0.08599997999999995       -1.4481514273416072E-6
0.08299997999999993       -1.6206412493542601E-6
0.07999997999999992       -1.8123385243390046E-6
0.07699997999999998       -2.025045710379541E-6
0.07399997999999998       -2.260649721158808E-6
0.07099997999999998       -2.5211028671221686E-6
0.06799998000000004       -2.8083964612588883E-6
0.06499998000000004       -3.12452582910204E-6
0.06199998000000004       -3.471445488282077E-6
0.058999980000000105      -3.8510133935194335E-6
0.0559999800000001        -4.264923415685638E-6
0.0529999800000001        -4.714625678397267E-6
0.049999980000000166      -5.20123505049832E-6
0.04699998000000016       -5.725429016623962E-6
0.04399998000000016       -6.287337331086751E-6
0.040999980000000213      -6.886427281885593E-6
0.03799998000000022       -7.5213899868235155E-6
0.034999980000000215      -8.190034791319803E-6
0.03199998000000028       -8.889200352679752E-6
0.028999980000000217      -9.61469213245864E-6
0.025999980000000276      -1.036125648766953E-5
0.02299998000000034       -1.1122601055883592E-5
0.019999980000000406      -1.189146941946087E-5
0.016999980000000334      -1.2659774977649233E-5
0.0139999800000004        -1.3418794606335282E-5
0.010999980000000397      -1.415941733741867E-5
0.007999980000000394      -1.4872437488379297E-5
0.004999980000000459      -1.5548876169595753E-5
0.0019999800000004564     -1.6180310742174885E-5
-0.0010000199999995463    -1.675918938174067E-5
-0.004000019999999482     -1.7279107976904434E-5
-0.007000019999999552     -1.7735029326674344E-5
-0.010000019999999487     -1.8123429719138666E-5
-0.013000019999999423     -1.844236477651947E-5
-0.01600001999999936      -1.8691453956967612E-5
-0.019000019999999427     -1.8871790245847983E-5
-0.0220000199999995       -1.8985787412204106E-5
-0.025000019999999432     -1.9036981110914765E-5
-0.02800001999999937      -1.9029801821285112E-5
-0.031000019999999302     -1.896933724574251E-5
-0.03400001999999924      -1.8861099752974044E-5
-0.03700001999999931      -1.8710811304264613E-5
-0.04000001999999938      -1.8524214646292837E-5
-0.04300001999999931      -1.8306915911210303E-5
-0.04600001999999926      -1.8064260522769693E-5
-0.049000019999999186     -1.7801241697223143E-5
-0.05200001999999913      -1.7522438938422545E-5
-0.05500001999999919      -1.7231982736142952E-5
-0.058000019999999125     -1.6933541091492032E-5
-0.0610000199999992       -1.6630323384196976E-5
-0.06400001999999913      -1.6325097327123066E-5
-0.06700001999999906      -1.6020215198779087E-5
-0.07000001999999914      -1.571764610163966E-5
-0.07300001999999907      -1.5419011584933356E-5
-0.07600001999999914      -1.5125622541162533E-5
-0.07900001999999907      -1.4838515802754042E-5
-0.08200001999999902      -1.455848931163867E-5
-0.08500001999999895      -1.4286135104628267E-5
-0.08800001999999889      -1.402186965336112E-5
-0.09100001999999896      -1.3765961326045572E-5
-0.0940000199999989       -1.3518554908334826E-5
-0.09700001999999897      -1.3279693242168016E-5
-0.1000000199999989       -1.3049336123756168E-5
-0.10300001999999897      -1.2827376653659523E-5
-0.10600001999999904      -1.2613655260457676E-5
-0.10900001999999898      -1.2407971631015068E-5
-0.11200001999999905      -1.2210094779748836E-5
-0.1150000199999991       -1.2019771480519655E-5
-0.11800001999999905      -1.1836733270749096E-5
-0.12100001999999911      -1.166070222037464E-5
-0.12400001999999918      -1.1491395639885827E-5
-0.12700001999999913      -1.132852988307189E-5
-0.1300000199999992       -1.1171823382052161E-5
-0.13300001999999925      -1.102099903509938E-5
-0.1360000199999992       -1.0875786052041801E-5
-0.13900001999999925      -1.073592134772825E-5
-0.14200001999999934      -1.0601150561248072E-5
-0.14500001999999926      -1.0471228767241396E-5
-0.14800001999999934      -1.034592093566613E-5
-0.1510000199999994       -1.0225002187694083E-5
-0.15400001999999935      -1.0108257887871602E-5
-0.15700001999999938      -9.99548360619099E-6
-0.1600000199999995       -9.886484978151085E-6
-0.1630000199999994       -9.781077486136612E-6
-0.1660000199999995       -9.679086181403703E-6
-0.16900001999999956      -9.580345362541401E-6
-0.1720000199999995       -9.484698223387956E-6
-0.17500001999999956      -9.391996480952697E-6
-0.17800001999999965      -9.302099991859644E-6
-0.18100001999999957      -9.214876364122959E-6
-0.18400001999999963      -9.130200569652455E-6
-0.1870000199999997       -9.047954561706663E-6
-0.19000001999999966      -8.968026900541915E-6
-0.19300001999999972      -8.890312389704934E-6
-0.19600001999999977      -8.81471172475995E-6
-0.19900001999999972      -8.74113115570789E-6
-0.20200001999999978      -8.669482163921133E-6
-0.20500001999999987      -8.599681154069594E-6
-0.20800001999999979      -8.531649161234818E-6
-0.21100001999999998      -8.465311573189481E-6
-0.21400001999999993      -8.400597867648319E-6
-0.21700001999999988      -8.337441364163899E-6
-0.22000001999999994      -8.275778990242772E-6
-0.22300002               -8.215551061184668E-6
-0.22600001999999994      -8.156701073096442E-6
-0.22900002               -8.09917550850062E-6
-0.23200002000000006      -8.042923653938257E-6
-0.23500002               -7.987897428959348E-6
-0.23800001999999995      -7.934051225894573E-6
-0.24100002000000015      -7.881341759810594E-6
-0.24400002000000007      -7.829727928064855E-6
-0.24700002000000015      -7.779170678892861E-6
-0.2500000200000002       -7.729632888481507E-6
-0.25300002000000016      -7.681079246004468E-6
-0.2560000200000004       -7.633476146119028E-6
-0.2590000200000003       -7.586791588448339E-6
-0.2620000200000002       -7.540995083597711E-6
-0.2650000200000003       -7.496057565278017E-6
-0.2680000200000004       -7.451951308133553E-6
-0.2710000200000003       -7.40864985089543E-6
-0.2740000200000004       -7.366127924504179E-6
-0.27700002000000046      -7.324361384867847E-6
-0.2800000200000004       -7.283327149942349E-6
-0.2830000200000003       -7.243003140841539E-6
-0.2860000200000005       -7.203368226703302E-6
-0.28900002000000047      -7.164402173056245E-6
-0.2920000200000005       -7.126085593448829E-6
-0.2950000200000006       -7.088399904118468E-6
-0.29800002000000053      -7.051327281494016E-6
-0.2996990004999999       -7.030599880889502E-6
-0.29969900050000003      -7.030590260389271E-6
-0.29930097949999995      -7.018256665814912E-6
-0.29830097950000006      -7.006100538483762E-6
-0.29630097950000006      -6.982115996426952E-6
-0.2933009795000001       -6.946667251369556E-6
-0.29030097950000006      -6.911733929561217E-6
-0.28730097949999994      -6.877332985495297E-6
-0.2843009794999999       -6.8434503483982475E-6
-0.28130097949999994      -6.810070904297363E-6
-0.2783009794999999       -6.777179682065189E-6
-0.27530097949999993      -6.744762140449891E-6
-0.27230097949999976      -6.712804187465285E-6
-0.2693009794999998       -6.68129212577743E-6
-0.26630097949999976      -6.650212583517953E-6
-0.2633009794999998       -6.619552446247815E-6
-0.26030097949999975      -6.589298792530044E-6
-0.2573009794999997       -6.559438832034604E-6
-0.25430097949999975      -6.5299598444726975E-6
-0.2513009794999997       -6.500849117775678E-6
-0.24830097949999974      -6.472093884155824E-6
-0.24530097949999966      -6.44368125285334E-6
-0.24230097949999962      -6.415598138465557E-6
-0.2393009794999995       -6.387831183784381E-6
-0.2363009794999996       -6.360366676049471E-6
-0.2333009794999995       -6.333190455471253E-6
-0.23030097949999956      -6.306287814794454E-6
-0.2273009794999994       -6.279643388564234E-6
-0.22430097949999944      -6.25324103062547E-6
-0.22130097949999936      -6.227063678229735E-6
-0.21830097949999944      -6.2010932009454104E-6
-0.21530097949999938      -6.175310232361803E-6
-0.2123009794999993       -6.149693982346069E-6
-0.20930097949999935      -6.124222027350543E-6
-0.2063009794999993       -6.0988700759747555E-6
-0.20330097949999937      -6.073611706657366E-6
-0.20030097949999928      -6.048418074006609E-6
-0.19730097949999922      -6.0232575798683155E-6
-0.19430097949999917      -5.998095504776593E-6
-0.19130097949999922      -5.9728935949259005E-6
-0.18830097949999916      -5.947609599246549E-6
-0.1853009794999992       -5.922196750548927E-6
-0.18230097949999902      -5.896603184023253E-6
-0.17930097949999907      -5.8707712856404515E-6
-0.176300979499999        -5.844636962188299E-6
-0.17330097949999906      -5.818128823797844E-6
-0.170300979499999        -5.7911672688656575E-6
-0.16730097949999895      -5.763663460260723E-6
-0.164300979499999        -5.7355181806257836E-6
-0.16130097949999891      -5.706620553449218E-6
-0.158300979499999        -5.676846615412391E-6
-0.15530097949999888      -5.64605772432519E-6
-0.15230097949999885      -5.614098785786572E-6
-0.1493009794999988       -5.580796280583227E-6
-0.14630097949999885      -5.545956073825718E-6
-0.1433009794999988       -5.5093609860027205E-6
-0.14030097949999884      -5.47076810559528E-6
-0.13730097949999864      -5.429905822781382E-6
-0.1343009794999987       -5.386470564228798E-6
-0.13130097949999864      -5.34012321025059E-6
-0.1283009794999987       -5.290485177933874E-6
-0.12530097949999863      -5.2371341576017885E-6
-0.12230097949999855      -5.179599495533824E-6
-0.11930097949999863      -5.117357223767652E-6
-0.11630097949999856      -5.049824748648866E-6
-0.11330097949999862      -4.97635522432439E-6
-0.11030097949999855      -4.896231656456299E-6
-0.10730097949999848      -4.808660806081909E-6
-0.1043009794999984       -4.712766994893012E-6
-0.10130097949999847      -4.6075859525287624E-6
-0.0983009794999984       -4.492058895104588E-6
-0.09530097949999847      -4.365027083481902E-6
-0.09230097949999853      -4.225227180973217E-6
-0.0893009794999986       -4.071287814218302E-6
-0.08630097949999868      -3.901727838296941E-6
-0.08330097949999872      -3.7149569172898325E-6
-0.08030097949999879      -3.509279152615123E-6
-0.07730097949999887      -3.2829006197881067E-6
-0.07430097949999892      -3.0339418032215775E-6
-0.07130097949999899      -2.7604560382879332E-6
-0.06830097949999904      -2.460455165512996E-6
-0.0653009794999991       -2.131943653624499E-6
-0.062300979499999166     -1.7729624304300978E-6
-0.05930097949999924      -1.3816435413357358E-6
-0.0563009794999993       -9.562764978203373E-7
-0.05330097949999937      -4.953867425670815E-7
-0.05030097949999944      2.173994091184582E-9
-0.04730097949999949      5.371265703677129E-7
-0.04430097949999956      1.1096548234449177E-6
-0.04130097949999963      1.7192911552272754E-6
-0.038300979499999686     2.3648025758699836E-6
-0.03530097949999975      3.0440841154104047E-6
-0.03230097949999981      3.754068049726188E-6
-0.02930097949999988      4.49065857070526E-6
-0.026300979499999943     5.2487020756319936E-6
-0.023300979500000006     6.0220028591680365E-6
-0.02030097950000007      6.8033924064721604E-6
-0.017300979500000136     7.5848575610074654E-6
-0.0143009795000002       8.357728609022687E-6
-0.011300979500000263     9.112923053542825E-6
-0.008300979500000328     9.841235065627636E-6
-0.005300979500000391     1.0533655035135515E-5
-0.002300979500000455     1.118169914350949E-5
6.990204999994809E-4      1.1777726249815E-5
0.0036990204999994168     1.2315219201268381E-5
0.006699020499999353      1.2789010163912942E-5
0.00969902049999929       1.3195434482193243E-5
0.012699020499999224      1.3532404256152479E-5
0.01569902049999916       1.3799400309325857E-5
0.018699020499999098      1.3997388442001344E-5
0.02169902049999903       1.4128671866153957E-5
0.024699020499998968      1.4196695827024007E-5
0.027699020499998905      1.4205822337679306E-5
0.030699020499998838      1.4161092770775093E-5
0.033699020499998775      1.4067994148753272E-5
0.036699020499998715      1.3932241906416932E-5
0.03969902049999865       1.3759588266939457E-5
0.04269902049999858       1.3555661707669034E-5
0.04569902049999852       1.332583969754784E-5
0.048699020499998455      1.3075154210296611E-5
0.051699020499998395      1.2808227557950432E-5
0.05469902049999832       1.2529234834970183E-5
0.05769902049999826       1.2241888625512123E-5
0.0606990204999982        1.194944147821893E-5
0.06369902049999814       1.1654701857331448E-5
0.06669902049999807       1.1360059709351309E-5
0.069699020499998         1.1067518335418296E-5
0.07269902049999795       1.0778729850523357E-5
0.07569902049999788       1.0495032085564E-5
0.07869902049999782       1.0217485311930043E-5
0.08169902049999773       9.946907622226283E-6
0.08469902049999768       9.683908178366122E-6
0.08769902049999763       9.428917841181842E-6
0.09069902049999758       9.182216930322231E-6
0.0936990204999975        8.943960038503875E-6
0.09669902049999743       8.714197949889477E-6
0.09969902049999736       8.492896798034975E-6
0.10269902049999731       8.279954653136305E-6
0.10569902049999724       8.075215758727421E-6
0.10869902049999691       7.878482650808651E-6
0.11169902049999737       7.689526392699068E-6
0.11469902049999703       7.508095150681597E-6
0.11769902049999698       7.333921321842107E-6
0.12069902049999692       7.166727408649493E-6
0.12369902049999659       7.006230816494616E-6
0.12669902049999707       6.8521477317368836E-6
0.12969902049999674       6.704196219629638E-6
0.13269902049999666       6.5620986643085144E-6
0.1356990204999966        6.42558365712817E-6
0.13869902049999627       6.2943874251892854E-6
0.14169902049999675       6.1682548789333565E-6
0.14469902049999642       6.046940346185721E-6
0.14769902049999634       5.930208049924307E-6
0.15069902049999628       5.817832378222379E-6
0.15369902049999595       5.70959798717692E-6
0.1566990204999964        5.605299771038194E-6
0.1596990204999961        5.504742728106511E-6
0.16269902049999602       5.40774174613532E-6
0.16569902049999596       5.314121326874923E-6
0.16869902049999566       5.223715265913978E-6
0.1716990204999961        5.136366301041222E-6
0.17469902049999578       5.051925739878841E-6
0.17769902049999567       4.970253075467859E-6
0.18069902049999564       4.8912155967554154E-6
0.18369902049999529       4.814687999491679E-6
0.1866990204999958        4.740552001847449E-6
0.18969902049999546       4.668695968073823E-6
0.19269902049999538       4.599014542711549E-6
0.1956990204999953        4.531408297188463E-6
0.198699020499995         4.465783390100628E-6
0.20169902049999547       4.4020512420294705E-6
0.20469902049999514       4.340128225393658E-6
0.20769902049999506       4.279935369549193E-6
0.210699020499995         4.2213980811276174E-6
0.21369902049999467       4.164445879427064E-6
0.21669902049999515       4.109012146535384E-6
0.21969902049999482       4.0550338917643764E-6
0.22269902049999474       4.002451529898768E-6
0.22569902049999468       3.95120867271242E-6
0.22869902049999435       3.901251933169513E-6
0.2316990204999948        3.852530741709379E-6
0.23469902049999447       3.8049971740043424E-6
0.23769902049999442       3.7586057895821772E-6
0.24069902049999436       3.713313480711163E-6
0.24369902049999403       3.669079330960337E-6
0.24669902049999448       3.6258644828636776E-6
0.24969902049999415       3.5836320141382618E-6
0.2526990204999941        3.5423468219281836E-6
0.25569902049999405       3.5019755145699846E-6
0.2586990204999937        3.462486310399662E-6
0.26169902049999416       3.423848943146408E-6
0.26469902049999383       3.38603457348253E-6
0.2676990204999938        3.349015706323652E-6
0.2706990204999937        3.3127661134970496E-6
0.2736990204999934        3.2772607614189914E-6
0.27669902049999384       3.2424757434440707E-6
0.2796990204999935        3.2083882165711684E-6
0.28269902049999346       3.174976342210582E-6
0.2856990204999934        3.142219230736571E-6
0.2886990204999931        3.110096889567446E-6
0.2916990204999935        3.0785901745330706E-6
0.2946990204999932        3.047680744305579E-6
0.29769902049999314       3.0173510176845748E-6
0.29969900050000003       2.9974472355242874E-6
0.29969900050000003       2.997439262234007E-6
